              precision    recall  f1-score   support

   class_102     1.0000    0.7895    0.8824        38
   class_113     0.6842    0.8667    0.7647        15
   class_118     0.8276    1.0000    0.9057        24
    class_12     1.0000    1.0000    1.0000        93
   class_124     0.8571    0.9412    0.8972        51
   class_129     1.0000    0.9583    0.9787        24
    class_13     1.0000    1.0000    1.0000        12
   class_130     0.9933    0.8706    0.9279       170
   class_135     0.6000    1.0000    0.7500        12
   class_143     0.9714    0.7556    0.8500        45
   class_149     1.0000    1.0000    1.0000        48
   class_150     1.0000    1.0000    1.0000        15
   class_151     1.0000    1.0000    1.0000        33
   class_153     0.9062    1.0000    0.9508        87
   class_155     1.0000    1.0000    1.0000        41
   class_163     0.9375    1.0000    0.9677        15
    class_17     1.0000    1.0000    1.0000        28
   class_181     1.0000    1.0000    1.0000        17
   class_194     1.0000    0.9783    0.9890        46
   class_200     1.0000    1.0000    1.0000        23
   class_203     0.9310    1.0000    0.9643        27
   class_204     0.8571    1.0000    0.9231        18
    class_26     1.0000    0.9744    0.9870        39
    class_27     1.0000    1.0000    1.0000        15
     class_3     1.0000    0.8182    0.9000        33
    class_31     0.9834    1.0000    0.9916       178
    class_34     0.9839    1.0000    0.9919       183
    class_35     1.0000    0.9754    0.9876       122
    class_39     0.9778    0.9778    0.9778        45
    class_41     0.9899    1.0000    0.9949        98
    class_42     0.9242    1.0000    0.9606        61
    class_43     1.0000    1.0000    1.0000        15
    class_48     1.0000    0.7692    0.8696        13
    class_57     1.0000    1.0000    1.0000        52
    class_58     1.0000    1.0000    1.0000        34
    class_59     0.9545    1.0000    0.9767        42
    class_61     1.0000    1.0000    1.0000        92
    class_65     0.9868    0.9943    0.9905       527
    class_76     0.9908    1.0000    0.9954       216
    class_79     0.9688    1.0000    0.9841        31
     class_8     1.0000    1.0000    1.0000        12
    class_80     1.0000    1.0000    1.0000       210
    class_81     0.9706    1.0000    0.9851        99
    class_82     1.0000    0.9231    0.9600        52
    class_84     1.0000    1.0000    1.0000        11
    class_87     1.0000    0.8571    0.9231        91
    class_94     0.7872    1.0000    0.8810        37

    accuracy                         0.9743      3190
   macro avg     0.9592    0.9670    0.9598      3190
weighted avg     0.9774    0.9743    0.9743      3190
