              precision    recall  f1-score   support

   class_102     1.0000    0.4474    0.6182        38
   class_113     0.6000    1.0000    0.7500        15
    class_12     0.9167    0.8049    0.8571        41
   class_124     0.8889    0.5000    0.6400        16
   class_129     1.0000    0.7917    0.8837        24
    class_13     0.6000    0.7500    0.6667        12
   class_130     0.9315    0.8500    0.8889        80
   class_135     0.3000    1.0000    0.4615        12
   class_143     0.9556    0.9556    0.9556        45
   class_149     1.0000    1.0000    1.0000         6
   class_150     0.9286    0.8667    0.8966        15
   class_151     1.0000    1.0000    1.0000        12
   class_153     1.0000    1.0000    1.0000        39
   class_155     1.0000    1.0000    1.0000        15
   class_163     1.0000    0.9333    0.9655        15
    class_17     1.0000    0.6071    0.7556        28
   class_181     1.0000    1.0000    1.0000        17
   class_194     0.7273    1.0000    0.8421         8
   class_200     0.8846    1.0000    0.9388        23
   class_203     0.8462    0.8148    0.8302        27
   class_204     0.8571    1.0000    0.9231        18
    class_26     0.9211    0.8974    0.9091        39
    class_27     0.8333    1.0000    0.9091        15
     class_3     1.0000    0.8182    0.9000        33
    class_31     1.0000    0.9861    0.9930        72
    class_34     0.9355    0.9667    0.9508        60
    class_35     0.8485    0.9825    0.9106        57
    class_39     0.9556    0.9556    0.9556        45
    class_41     1.0000    1.0000    1.0000        28
    class_42     0.9839    1.0000    0.9919        61
    class_43     0.9231    0.8000    0.8571        15
    class_48     1.0000    0.7692    0.8696        13
    class_57     0.8462    1.0000    0.9167        22
    class_58     1.0000    1.0000    1.0000        34
    class_59     1.0000    0.9524    0.9756        21
    class_61     1.0000    0.9706    0.9851        34
    class_65     0.9709    0.9950    0.9828       201
    class_76     0.9823    1.0000    0.9911       111
    class_79     0.9091    0.9677    0.9375        31
     class_8     1.0000    0.3333    0.5000        12
    class_80     0.9390    1.0000    0.9686        77
    class_81     0.9565    1.0000    0.9778        44
    class_82     1.0000    0.9286    0.9630        14
    class_84     1.0000    1.0000    1.0000        11
    class_87     1.0000    0.8333    0.9091        36
    class_94     0.5000    0.8333    0.6250         6

    accuracy                         0.9249      1598
   macro avg     0.9118    0.8981    0.8881      1598
weighted avg     0.9435    0.9249    0.9253      1598
