              precision    recall  f1-score   support

   class_102     1.0000    0.1842    0.3111        38
   class_113     0.4500    0.6000    0.5143        15
   class_118     0.8889    1.0000    0.9412        24
    class_12     0.9118    1.0000    0.9538        93
   class_124     1.0000    0.7059    0.8276        51
   class_129     0.9545    0.8750    0.9130        24
    class_13     0.7857    0.9167    0.8462        12
   class_130     0.9615    0.8824    0.9202       170
   class_135     0.2500    1.0000    0.4000        12
   class_143     1.0000    0.7111    0.8312        45
   class_149     0.8889    1.0000    0.9412        48
   class_150     0.7895    1.0000    0.8824        15
   class_151     0.9677    0.9091    0.9375        33
   class_153     0.8286    1.0000    0.9062        87
   class_155     0.9302    0.9756    0.9524        41
   class_163     1.0000    1.0000    1.0000        15
    class_17     1.0000    0.8571    0.9231        28
   class_181     1.0000    1.0000    1.0000        17
   class_194     0.9388    1.0000    0.9684        46
   class_200     1.0000    0.8696    0.9302        23
   class_203     1.0000    0.8889    0.9412        27
   class_204     0.8571    1.0000    0.9231        18
    class_26     1.0000    0.9487    0.9737        39
    class_27     1.0000    1.0000    1.0000        15
     class_3     1.0000    0.8182    0.9000        33
    class_31     0.9944    1.0000    0.9972       178
    class_34     0.9778    0.9617    0.9697       183
    class_35     0.9835    0.9754    0.9794       122
    class_39     1.0000    0.8889    0.9412        45
    class_41     1.0000    1.0000    1.0000        98
    class_42     0.9385    1.0000    0.9683        61
    class_43     1.0000    0.8000    0.8889        15
    class_48     0.9091    0.7692    0.8333        13
    class_57     0.9455    1.0000    0.9720        52
    class_58     0.9189    1.0000    0.9577        34
    class_59     0.9767    1.0000    0.9882        42
    class_61     1.0000    1.0000    1.0000        92
    class_65     0.9757    0.9924    0.9840       527
    class_76     0.9954    1.0000    0.9977       216
    class_79     0.7750    1.0000    0.8732        31
     class_8     0.9091    0.8333    0.8696        12
    class_80     1.0000    0.9619    0.9806       210
    class_81     0.8991    0.9899    0.9423        99
    class_82     1.0000    0.8654    0.9278        52
    class_84     1.0000    1.0000    1.0000        11
    class_87     1.0000    0.8791    0.9357        91
    class_94     0.9024    1.0000    0.9487        37

    accuracy                         0.9483      3190
   macro avg     0.9256    0.9162    0.9062      3190
weighted avg     0.9608    0.9483    0.9481      3190
