              precision    recall  f1-score   support

   class_102     0.8788    0.7632    0.8169        38
   class_113     1.0000    0.8667    0.9286        15
   class_118     1.0000    0.9167    0.9565        24
    class_12     1.0000    1.0000    1.0000        93
   class_124     1.0000    0.9804    0.9901        51
   class_129     0.9231    1.0000    0.9600        24
    class_13     1.0000    1.0000    1.0000        12
   class_130     0.9825    0.9882    0.9853       170
   class_135     0.8750    0.5833    0.7000        12
   class_143     1.0000    0.7333    0.8462        45
   class_149     1.0000    1.0000    1.0000        48
   class_150     1.0000    1.0000    1.0000        15
   class_151     0.8684    1.0000    0.9296        33
   class_153     0.8788    1.0000    0.9355        87
   class_155     1.0000    0.8780    0.9351        41
   class_163     1.0000    1.0000    1.0000        15
    class_17     1.0000    1.0000    1.0000        28
   class_181     1.0000    1.0000    1.0000        17
   class_194     1.0000    1.0000    1.0000        46
   class_200     1.0000    1.0000    1.0000        23
   class_203     0.8182    1.0000    0.9000        27
   class_204     0.8571    1.0000    0.9231        18
    class_26     1.0000    1.0000    1.0000        39
    class_27     1.0000    1.0000    1.0000        15
     class_3     1.0000    0.8182    0.9000        33
    class_31     1.0000    0.9888    0.9944       178
    class_34     0.9839    1.0000    0.9919       183
    class_35     1.0000    0.9754    0.9876       122
    class_39     1.0000    0.9333    0.9655        45
    class_41     1.0000    1.0000    1.0000        98
    class_42     0.9531    1.0000    0.9760        61
    class_43     1.0000    1.0000    1.0000        15
    class_48     0.8571    0.9231    0.8889        13
    class_57     0.9630    1.0000    0.9811        52
    class_58     1.0000    1.0000    1.0000        34
    class_59     1.0000    1.0000    1.0000        42
    class_61     1.0000    0.9783    0.9890        92
    class_65     0.9981    0.9981    0.9981       527
    class_76     0.9774    1.0000    0.9886       216
    class_79     1.0000    0.9032    0.9492        31
     class_8     1.0000    1.0000    1.0000        12
    class_80     0.9813    1.0000    0.9906       210
    class_81     1.0000    0.9899    0.9949        99
    class_82     1.0000    0.9231    0.9600        52
    class_84     1.0000    1.0000    1.0000        11
    class_87     0.9630    0.8571    0.9070        91
    class_94     0.6727    1.0000    0.8043        37

    accuracy                         0.9759      3190
   macro avg     0.9666    0.9574    0.9590      3190
weighted avg     0.9786    0.9759    0.9758      3190
